&CONTROL
 calculation = 'nscf'
 prefix = 'diamond'
 pseudo_dir = '../pseudos'
 outdir = './'
/

&SYSTEM
 ibrav = 0
 A = 3.567

 ecutwfc = 60.0

 nat = 2
 ntyp = 1

 nbnd = 200
/

&ELECTRONS
 conv_thr = 1.0d-12
 diago_full_acc = .true.
 diagonalization = 'cg'
/

CELL_PARAMETERS alat
    0.0    0.5    0.5
    0.5    0.0    0.5
    0.5    0.5    0.0

ATOMIC_SPECIES
  C  12.011  C.upf

ATOMIC_POSITIONS crystal
  C    0.00    0.00    0.00
  C    0.25    0.25    0.25

K_POINTS crystal
64
  0.00000000  0.00000000  0.00000000  1.562500e-02
  0.00000000  0.00000000  0.25000000  1.562500e-02
  0.00000000  0.00000000  0.50000000  1.562500e-02
  0.00000000  0.00000000  0.75000000  1.562500e-02
  0.00000000  0.25000000  0.00000000  1.562500e-02
  0.00000000  0.25000000  0.25000000  1.562500e-02
  0.00000000  0.25000000  0.50000000  1.562500e-02
  0.00000000  0.25000000  0.75000000  1.562500e-02
  0.00000000  0.50000000  0.00000000  1.562500e-02
  0.00000000  0.50000000  0.25000000  1.562500e-02
  0.00000000  0.50000000  0.50000000  1.562500e-02
  0.00000000  0.50000000  0.75000000  1.562500e-02
  0.00000000  0.75000000  0.00000000  1.562500e-02
  0.00000000  0.75000000  0.25000000  1.562500e-02
  0.00000000  0.75000000  0.50000000  1.562500e-02
  0.00000000  0.75000000  0.75000000  1.562500e-02
  0.25000000  0.00000000  0.00000000  1.562500e-02
  0.25000000  0.00000000  0.25000000  1.562500e-02
  0.25000000  0.00000000  0.50000000  1.562500e-02
  0.25000000  0.00000000  0.75000000  1.562500e-02
  0.25000000  0.25000000  0.00000000  1.562500e-02
  0.25000000  0.25000000  0.25000000  1.562500e-02
  0.25000000  0.25000000  0.50000000  1.562500e-02
  0.25000000  0.25000000  0.75000000  1.562500e-02
  0.25000000  0.50000000  0.00000000  1.562500e-02
  0.25000000  0.50000000  0.25000000  1.562500e-02
  0.25000000  0.50000000  0.50000000  1.562500e-02
  0.25000000  0.50000000  0.75000000  1.562500e-02
  0.25000000  0.75000000  0.00000000  1.562500e-02
  0.25000000  0.75000000  0.25000000  1.562500e-02
  0.25000000  0.75000000  0.50000000  1.562500e-02
  0.25000000  0.75000000  0.75000000  1.562500e-02
  0.50000000  0.00000000  0.00000000  1.562500e-02
  0.50000000  0.00000000  0.25000000  1.562500e-02
  0.50000000  0.00000000  0.50000000  1.562500e-02
  0.50000000  0.00000000  0.75000000  1.562500e-02
  0.50000000  0.25000000  0.00000000  1.562500e-02
  0.50000000  0.25000000  0.25000000  1.562500e-02
  0.50000000  0.25000000  0.50000000  1.562500e-02
  0.50000000  0.25000000  0.75000000  1.562500e-02
  0.50000000  0.50000000  0.00000000  1.562500e-02
  0.50000000  0.50000000  0.25000000  1.562500e-02
  0.50000000  0.50000000  0.50000000  1.562500e-02
  0.50000000  0.50000000  0.75000000  1.562500e-02
  0.50000000  0.75000000  0.00000000  1.562500e-02
  0.50000000  0.75000000  0.25000000  1.562500e-02
  0.50000000  0.75000000  0.50000000  1.562500e-02
  0.50000000  0.75000000  0.75000000  1.562500e-02
  0.75000000  0.00000000  0.00000000  1.562500e-02
  0.75000000  0.00000000  0.25000000  1.562500e-02
  0.75000000  0.00000000  0.50000000  1.562500e-02
  0.75000000  0.00000000  0.75000000  1.562500e-02
  0.75000000  0.25000000  0.00000000  1.562500e-02
  0.75000000  0.25000000  0.25000000  1.562500e-02
  0.75000000  0.25000000  0.50000000  1.562500e-02
  0.75000000  0.25000000  0.75000000  1.562500e-02
  0.75000000  0.50000000  0.00000000  1.562500e-02
  0.75000000  0.50000000  0.25000000  1.562500e-02
  0.75000000  0.50000000  0.50000000  1.562500e-02
  0.75000000  0.50000000  0.75000000  1.562500e-02
  0.75000000  0.75000000  0.00000000  1.562500e-02
  0.75000000  0.75000000  0.25000000  1.562500e-02
  0.75000000  0.75000000  0.50000000  1.562500e-02
  0.75000000  0.75000000  0.75000000  1.562500e-02
