&CONTROL
 calculation = 'nscf'
 prefix = 'diamond'
 pseudo_dir = '../../pseudos'
 outdir = './'
/

&SYSTEM
 ibrav = 0
 A = 3.567

 ecutwfc = 60.0

 nat = 16
 ntyp = 1

 nbnd = 800
/

&ELECTRONS
 conv_thr = 1.0d-12
 diago_full_acc = .true.
 diagonalization = 'cg'
/

CELL_PARAMETERS alat
    0.0    1.0    1.0
    1.0    0.0    1.0
    1.0    1.0    0.0

ATOMIC_SPECIES
  C  12.011  C.upf

ATOMIC_POSITIONS crystal
  C   -0.00249895  0.00881057 -0.00624776
  C    0.10736426  0.13168385  0.12622670
  C   -0.00193812  0.00179681  0.49927838
  C    0.13555607  0.12098549  0.62184004
  C    0.00642859  0.49750336  0.00305199
  C    0.12613188  0.61580351  0.12696947
  C   -0.00468141  0.50312664  0.50426151
  C    0.13235467  0.61634567  0.62792742
  C    0.50255889  0.00191806 -0.00552048
  C    0.62701055  0.12661284  0.12646071
  C    0.48713076  0.00856106  0.50945112
  C    0.63575999  0.12373516  0.61942067
  C    0.49347901  0.49958674 -0.00054509
  C    0.62767374  0.62689442  0.12857735
  C    0.50426559  0.49671579  0.49768699
  C    0.62868518  0.62319535  0.62864391

K_POINTS crystal
27
  0.00000000  0.00000000  0.00000000  3.7037037037e-02
  0.00000000  0.00000000  0.33333333  3.7037037037e-02
  0.00000000  0.00000000  0.66666667  3.7037037037e-02
  0.00000000  0.33333333  0.00000000  3.7037037037e-02
  0.00000000  0.33333333  0.33333333  3.7037037037e-02
  0.00000000  0.33333333  0.66666667  3.7037037037e-02
  0.00000000  0.66666667  0.00000000  3.7037037037e-02
  0.00000000  0.66666667  0.33333333  3.7037037037e-02
  0.00000000  0.66666667  0.66666667  3.7037037037e-02
  0.33333333  0.00000000  0.00000000  3.7037037037e-02
  0.33333333  0.00000000  0.33333333  3.7037037037e-02
  0.33333333  0.00000000  0.66666667  3.7037037037e-02
  0.33333333  0.33333333  0.00000000  3.7037037037e-02
  0.33333333  0.33333333  0.33333333  3.7037037037e-02
  0.33333333  0.33333333  0.66666667  3.7037037037e-02
  0.33333333  0.66666667  0.00000000  3.7037037037e-02
  0.33333333  0.66666667  0.33333333  3.7037037037e-02
  0.33333333  0.66666667  0.66666667  3.7037037037e-02
  0.66666667  0.00000000  0.00000000  3.7037037037e-02
  0.66666667  0.00000000  0.33333333  3.7037037037e-02
  0.66666667  0.00000000  0.66666667  3.7037037037e-02
  0.66666667  0.33333333  0.00000000  3.7037037037e-02
  0.66666667  0.33333333  0.33333333  3.7037037037e-02
  0.66666667  0.33333333  0.66666667  3.7037037037e-02
  0.66666667  0.66666667  0.00000000  3.7037037037e-02
  0.66666667  0.66666667  0.33333333  3.7037037037e-02
  0.66666667  0.66666667  0.66666667  3.7037037037e-02
