&CONTROL
 calculation = 'scf'
 prefix = 'diamond'
 pseudo_dir = '../pseudos'
 outdir = './'
/

&SYSTEM
 ibrav = 0
 A = 3.567

 ecutwfc = 60.0

 nat = 2
 ntyp = 1

 nbnd = 100

 input_dft = 'hse'
 nqx1 = 1
 nqx2 = 1
 nqx3 = 1
/

&ELECTRONS
 conv_thr = 1.0d-8
 adaptive_thr = .true.
 diagonalization = 'david'
/

CELL_PARAMETERS alat
    0.0    0.5    0.5
    0.5    0.0    0.5
    0.5    0.5    0.0

ATOMIC_SPECIES
  C  12.011  C.upf

ATOMIC_POSITIONS crystal
  C    0.00    0.00    0.00
  C    0.25    0.25    0.25

K_POINTS crystal
216
  0.00000000  0.00000000  0.00000000  4.6296296296e-03
  0.00000000  0.00000000  0.16666667  4.6296296296e-03
  0.00000000  0.00000000  0.33333333  4.6296296296e-03
  0.00000000  0.00000000  0.50000000  4.6296296296e-03
  0.00000000  0.00000000  0.66666667  4.6296296296e-03
  0.00000000  0.00000000  0.83333333  4.6296296296e-03
  0.00000000  0.16666667  0.00000000  4.6296296296e-03
  0.00000000  0.16666667  0.16666667  4.6296296296e-03
  0.00000000  0.16666667  0.33333333  4.6296296296e-03
  0.00000000  0.16666667  0.50000000  4.6296296296e-03
  0.00000000  0.16666667  0.66666667  4.6296296296e-03
  0.00000000  0.16666667  0.83333333  4.6296296296e-03
  0.00000000  0.33333333  0.00000000  4.6296296296e-03
  0.00000000  0.33333333  0.16666667  4.6296296296e-03
  0.00000000  0.33333333  0.33333333  4.6296296296e-03
  0.00000000  0.33333333  0.50000000  4.6296296296e-03
  0.00000000  0.33333333  0.66666667  4.6296296296e-03
  0.00000000  0.33333333  0.83333333  4.6296296296e-03
  0.00000000  0.50000000  0.00000000  4.6296296296e-03
  0.00000000  0.50000000  0.16666667  4.6296296296e-03
  0.00000000  0.50000000  0.33333333  4.6296296296e-03
  0.00000000  0.50000000  0.50000000  4.6296296296e-03
  0.00000000  0.50000000  0.66666667  4.6296296296e-03
  0.00000000  0.50000000  0.83333333  4.6296296296e-03
  0.00000000  0.66666667  0.00000000  4.6296296296e-03
  0.00000000  0.66666667  0.16666667  4.6296296296e-03
  0.00000000  0.66666667  0.33333333  4.6296296296e-03
  0.00000000  0.66666667  0.50000000  4.6296296296e-03
  0.00000000  0.66666667  0.66666667  4.6296296296e-03
  0.00000000  0.66666667  0.83333333  4.6296296296e-03
  0.00000000  0.83333333  0.00000000  4.6296296296e-03
  0.00000000  0.83333333  0.16666667  4.6296296296e-03
  0.00000000  0.83333333  0.33333333  4.6296296296e-03
  0.00000000  0.83333333  0.50000000  4.6296296296e-03
  0.00000000  0.83333333  0.66666667  4.6296296296e-03
  0.00000000  0.83333333  0.83333333  4.6296296296e-03
  0.16666667  0.00000000  0.00000000  4.6296296296e-03
  0.16666667  0.00000000  0.16666667  4.6296296296e-03
  0.16666667  0.00000000  0.33333333  4.6296296296e-03
  0.16666667  0.00000000  0.50000000  4.6296296296e-03
  0.16666667  0.00000000  0.66666667  4.6296296296e-03
  0.16666667  0.00000000  0.83333333  4.6296296296e-03
  0.16666667  0.16666667  0.00000000  4.6296296296e-03
  0.16666667  0.16666667  0.16666667  4.6296296296e-03
  0.16666667  0.16666667  0.33333333  4.6296296296e-03
  0.16666667  0.16666667  0.50000000  4.6296296296e-03
  0.16666667  0.16666667  0.66666667  4.6296296296e-03
  0.16666667  0.16666667  0.83333333  4.6296296296e-03
  0.16666667  0.33333333  0.00000000  4.6296296296e-03
  0.16666667  0.33333333  0.16666667  4.6296296296e-03
  0.16666667  0.33333333  0.33333333  4.6296296296e-03
  0.16666667  0.33333333  0.50000000  4.6296296296e-03
  0.16666667  0.33333333  0.66666667  4.6296296296e-03
  0.16666667  0.33333333  0.83333333  4.6296296296e-03
  0.16666667  0.50000000  0.00000000  4.6296296296e-03
  0.16666667  0.50000000  0.16666667  4.6296296296e-03
  0.16666667  0.50000000  0.33333333  4.6296296296e-03
  0.16666667  0.50000000  0.50000000  4.6296296296e-03
  0.16666667  0.50000000  0.66666667  4.6296296296e-03
  0.16666667  0.50000000  0.83333333  4.6296296296e-03
  0.16666667  0.66666667  0.00000000  4.6296296296e-03
  0.16666667  0.66666667  0.16666667  4.6296296296e-03
  0.16666667  0.66666667  0.33333333  4.6296296296e-03
  0.16666667  0.66666667  0.50000000  4.6296296296e-03
  0.16666667  0.66666667  0.66666667  4.6296296296e-03
  0.16666667  0.66666667  0.83333333  4.6296296296e-03
  0.16666667  0.83333333  0.00000000  4.6296296296e-03
  0.16666667  0.83333333  0.16666667  4.6296296296e-03
  0.16666667  0.83333333  0.33333333  4.6296296296e-03
  0.16666667  0.83333333  0.50000000  4.6296296296e-03
  0.16666667  0.83333333  0.66666667  4.6296296296e-03
  0.16666667  0.83333333  0.83333333  4.6296296296e-03
  0.33333333  0.00000000  0.00000000  4.6296296296e-03
  0.33333333  0.00000000  0.16666667  4.6296296296e-03
  0.33333333  0.00000000  0.33333333  4.6296296296e-03
  0.33333333  0.00000000  0.50000000  4.6296296296e-03
  0.33333333  0.00000000  0.66666667  4.6296296296e-03
  0.33333333  0.00000000  0.83333333  4.6296296296e-03
  0.33333333  0.16666667  0.00000000  4.6296296296e-03
  0.33333333  0.16666667  0.16666667  4.6296296296e-03
  0.33333333  0.16666667  0.33333333  4.6296296296e-03
  0.33333333  0.16666667  0.50000000  4.6296296296e-03
  0.33333333  0.16666667  0.66666667  4.6296296296e-03
  0.33333333  0.16666667  0.83333333  4.6296296296e-03
  0.33333333  0.33333333  0.00000000  4.6296296296e-03
  0.33333333  0.33333333  0.16666667  4.6296296296e-03
  0.33333333  0.33333333  0.33333333  4.6296296296e-03
  0.33333333  0.33333333  0.50000000  4.6296296296e-03
  0.33333333  0.33333333  0.66666667  4.6296296296e-03
  0.33333333  0.33333333  0.83333333  4.6296296296e-03
  0.33333333  0.50000000  0.00000000  4.6296296296e-03
  0.33333333  0.50000000  0.16666667  4.6296296296e-03
  0.33333333  0.50000000  0.33333333  4.6296296296e-03
  0.33333333  0.50000000  0.50000000  4.6296296296e-03
  0.33333333  0.50000000  0.66666667  4.6296296296e-03
  0.33333333  0.50000000  0.83333333  4.6296296296e-03
  0.33333333  0.66666667  0.00000000  4.6296296296e-03
  0.33333333  0.66666667  0.16666667  4.6296296296e-03
  0.33333333  0.66666667  0.33333333  4.6296296296e-03
  0.33333333  0.66666667  0.50000000  4.6296296296e-03
  0.33333333  0.66666667  0.66666667  4.6296296296e-03
  0.33333333  0.66666667  0.83333333  4.6296296296e-03
  0.33333333  0.83333333  0.00000000  4.6296296296e-03
  0.33333333  0.83333333  0.16666667  4.6296296296e-03
  0.33333333  0.83333333  0.33333333  4.6296296296e-03
  0.33333333  0.83333333  0.50000000  4.6296296296e-03
  0.33333333  0.83333333  0.66666667  4.6296296296e-03
  0.33333333  0.83333333  0.83333333  4.6296296296e-03
  0.50000000  0.00000000  0.00000000  4.6296296296e-03
  0.50000000  0.00000000  0.16666667  4.6296296296e-03
  0.50000000  0.00000000  0.33333333  4.6296296296e-03
  0.50000000  0.00000000  0.50000000  4.6296296296e-03
  0.50000000  0.00000000  0.66666667  4.6296296296e-03
  0.50000000  0.00000000  0.83333333  4.6296296296e-03
  0.50000000  0.16666667  0.00000000  4.6296296296e-03
  0.50000000  0.16666667  0.16666667  4.6296296296e-03
  0.50000000  0.16666667  0.33333333  4.6296296296e-03
  0.50000000  0.16666667  0.50000000  4.6296296296e-03
  0.50000000  0.16666667  0.66666667  4.6296296296e-03
  0.50000000  0.16666667  0.83333333  4.6296296296e-03
  0.50000000  0.33333333  0.00000000  4.6296296296e-03
  0.50000000  0.33333333  0.16666667  4.6296296296e-03
  0.50000000  0.33333333  0.33333333  4.6296296296e-03
  0.50000000  0.33333333  0.50000000  4.6296296296e-03
  0.50000000  0.33333333  0.66666667  4.6296296296e-03
  0.50000000  0.33333333  0.83333333  4.6296296296e-03
  0.50000000  0.50000000  0.00000000  4.6296296296e-03
  0.50000000  0.50000000  0.16666667  4.6296296296e-03
  0.50000000  0.50000000  0.33333333  4.6296296296e-03
  0.50000000  0.50000000  0.50000000  4.6296296296e-03
  0.50000000  0.50000000  0.66666667  4.6296296296e-03
  0.50000000  0.50000000  0.83333333  4.6296296296e-03
  0.50000000  0.66666667  0.00000000  4.6296296296e-03
  0.50000000  0.66666667  0.16666667  4.6296296296e-03
  0.50000000  0.66666667  0.33333333  4.6296296296e-03
  0.50000000  0.66666667  0.50000000  4.6296296296e-03
  0.50000000  0.66666667  0.66666667  4.6296296296e-03
  0.50000000  0.66666667  0.83333333  4.6296296296e-03
  0.50000000  0.83333333  0.00000000  4.6296296296e-03
  0.50000000  0.83333333  0.16666667  4.6296296296e-03
  0.50000000  0.83333333  0.33333333  4.6296296296e-03
  0.50000000  0.83333333  0.50000000  4.6296296296e-03
  0.50000000  0.83333333  0.66666667  4.6296296296e-03
  0.50000000  0.83333333  0.83333333  4.6296296296e-03
  0.66666667  0.00000000  0.00000000  4.6296296296e-03
  0.66666667  0.00000000  0.16666667  4.6296296296e-03
  0.66666667  0.00000000  0.33333333  4.6296296296e-03
  0.66666667  0.00000000  0.50000000  4.6296296296e-03
  0.66666667  0.00000000  0.66666667  4.6296296296e-03
  0.66666667  0.00000000  0.83333333  4.6296296296e-03
  0.66666667  0.16666667  0.00000000  4.6296296296e-03
  0.66666667  0.16666667  0.16666667  4.6296296296e-03
  0.66666667  0.16666667  0.33333333  4.6296296296e-03
  0.66666667  0.16666667  0.50000000  4.6296296296e-03
  0.66666667  0.16666667  0.66666667  4.6296296296e-03
  0.66666667  0.16666667  0.83333333  4.6296296296e-03
  0.66666667  0.33333333  0.00000000  4.6296296296e-03
  0.66666667  0.33333333  0.16666667  4.6296296296e-03
  0.66666667  0.33333333  0.33333333  4.6296296296e-03
  0.66666667  0.33333333  0.50000000  4.6296296296e-03
  0.66666667  0.33333333  0.66666667  4.6296296296e-03
  0.66666667  0.33333333  0.83333333  4.6296296296e-03
  0.66666667  0.50000000  0.00000000  4.6296296296e-03
  0.66666667  0.50000000  0.16666667  4.6296296296e-03
  0.66666667  0.50000000  0.33333333  4.6296296296e-03
  0.66666667  0.50000000  0.50000000  4.6296296296e-03
  0.66666667  0.50000000  0.66666667  4.6296296296e-03
  0.66666667  0.50000000  0.83333333  4.6296296296e-03
  0.66666667  0.66666667  0.00000000  4.6296296296e-03
  0.66666667  0.66666667  0.16666667  4.6296296296e-03
  0.66666667  0.66666667  0.33333333  4.6296296296e-03
  0.66666667  0.66666667  0.50000000  4.6296296296e-03
  0.66666667  0.66666667  0.66666667  4.6296296296e-03
  0.66666667  0.66666667  0.83333333  4.6296296296e-03
  0.66666667  0.83333333  0.00000000  4.6296296296e-03
  0.66666667  0.83333333  0.16666667  4.6296296296e-03
  0.66666667  0.83333333  0.33333333  4.6296296296e-03
  0.66666667  0.83333333  0.50000000  4.6296296296e-03
  0.66666667  0.83333333  0.66666667  4.6296296296e-03
  0.66666667  0.83333333  0.83333333  4.6296296296e-03
  0.83333333  0.00000000  0.00000000  4.6296296296e-03
  0.83333333  0.00000000  0.16666667  4.6296296296e-03
  0.83333333  0.00000000  0.33333333  4.6296296296e-03
  0.83333333  0.00000000  0.50000000  4.6296296296e-03
  0.83333333  0.00000000  0.66666667  4.6296296296e-03
  0.83333333  0.00000000  0.83333333  4.6296296296e-03
  0.83333333  0.16666667  0.00000000  4.6296296296e-03
  0.83333333  0.16666667  0.16666667  4.6296296296e-03
  0.83333333  0.16666667  0.33333333  4.6296296296e-03
  0.83333333  0.16666667  0.50000000  4.6296296296e-03
  0.83333333  0.16666667  0.66666667  4.6296296296e-03
  0.83333333  0.16666667  0.83333333  4.6296296296e-03
  0.83333333  0.33333333  0.00000000  4.6296296296e-03
  0.83333333  0.33333333  0.16666667  4.6296296296e-03
  0.83333333  0.33333333  0.33333333  4.6296296296e-03
  0.83333333  0.33333333  0.50000000  4.6296296296e-03
  0.83333333  0.33333333  0.66666667  4.6296296296e-03
  0.83333333  0.33333333  0.83333333  4.6296296296e-03
  0.83333333  0.50000000  0.00000000  4.6296296296e-03
  0.83333333  0.50000000  0.16666667  4.6296296296e-03
  0.83333333  0.50000000  0.33333333  4.6296296296e-03
  0.83333333  0.50000000  0.50000000  4.6296296296e-03
  0.83333333  0.50000000  0.66666667  4.6296296296e-03
  0.83333333  0.50000000  0.83333333  4.6296296296e-03
  0.83333333  0.66666667  0.00000000  4.6296296296e-03
  0.83333333  0.66666667  0.16666667  4.6296296296e-03
  0.83333333  0.66666667  0.33333333  4.6296296296e-03
  0.83333333  0.66666667  0.50000000  4.6296296296e-03
  0.83333333  0.66666667  0.66666667  4.6296296296e-03
  0.83333333  0.66666667  0.83333333  4.6296296296e-03
  0.83333333  0.83333333  0.00000000  4.6296296296e-03
  0.83333333  0.83333333  0.16666667  4.6296296296e-03
  0.83333333  0.83333333  0.33333333  4.6296296296e-03
  0.83333333  0.83333333  0.50000000  4.6296296296e-03
  0.83333333  0.83333333  0.66666667  4.6296296296e-03
  0.83333333  0.83333333  0.83333333  4.6296296296e-03
