&CONTROL
 calculation = 'nscf'
 prefix = 'diamond'
 pseudo_dir = '../../pseudos'
 outdir = './'
/

&SYSTEM
 ibrav = 0
 A = 3.567

 ecutwfc = 60.0

 nat = 16
 ntyp = 1

 nbnd = 800
/

&ELECTRONS
 conv_thr = 1.0d-12
 diago_full_acc = .true.
 diagonalization = 'cg'
/

CELL_PARAMETERS alat
    0.0    1.0    1.0
    1.0    0.0    1.0
    1.0    1.0    0.0

ATOMIC_SPECIES
  C  12.011  C.upf

ATOMIC_POSITIONS crystal
  C    0.00000000  0.00000000  0.00000000
  C    0.12500000  0.12500000  0.12500000
  C    0.00000000  0.00000000  0.50000000
  C    0.12500000  0.12500000  0.62500000
  C    0.00000000  0.50000000  0.00000000
  C    0.12500000  0.62500000  0.12500000
  C    0.00000000  0.50000000  0.50000000
  C    0.12500000  0.62500000  0.62500000
  C    0.50000000  0.00000000  0.00000000
  C    0.62500000  0.12500000  0.12500000
  C    0.50000000  0.00000000  0.50000000
  C    0.62500000  0.12500000  0.62500000
  C    0.50000000  0.50000000  0.00000000
  C    0.62500000  0.62500000  0.12500000
  C    0.50000000  0.50000000  0.50000000
  C    0.62500000  0.62500000  0.62500000

K_POINTS crystal
27
  0.00000000  0.00000000  0.00000000  3.7037037037e-02
  0.00000000  0.00000000  0.33333333  3.7037037037e-02
  0.00000000  0.00000000  0.66666667  3.7037037037e-02
  0.00000000  0.33333333  0.00000000  3.7037037037e-02
  0.00000000  0.33333333  0.33333333  3.7037037037e-02
  0.00000000  0.33333333  0.66666667  3.7037037037e-02
  0.00000000  0.66666667  0.00000000  3.7037037037e-02
  0.00000000  0.66666667  0.33333333  3.7037037037e-02
  0.00000000  0.66666667  0.66666667  3.7037037037e-02
  0.33333333  0.00000000  0.00000000  3.7037037037e-02
  0.33333333  0.00000000  0.33333333  3.7037037037e-02
  0.33333333  0.00000000  0.66666667  3.7037037037e-02
  0.33333333  0.33333333  0.00000000  3.7037037037e-02
  0.33333333  0.33333333  0.33333333  3.7037037037e-02
  0.33333333  0.33333333  0.66666667  3.7037037037e-02
  0.33333333  0.66666667  0.00000000  3.7037037037e-02
  0.33333333  0.66666667  0.33333333  3.7037037037e-02
  0.33333333  0.66666667  0.66666667  3.7037037037e-02
  0.66666667  0.00000000  0.00000000  3.7037037037e-02
  0.66666667  0.00000000  0.33333333  3.7037037037e-02
  0.66666667  0.00000000  0.66666667  3.7037037037e-02
  0.66666667  0.33333333  0.00000000  3.7037037037e-02
  0.66666667  0.33333333  0.33333333  3.7037037037e-02
  0.66666667  0.33333333  0.66666667  3.7037037037e-02
  0.66666667  0.66666667  0.00000000  3.7037037037e-02
  0.66666667  0.66666667  0.33333333  3.7037037037e-02
  0.66666667  0.66666667  0.66666667  3.7037037037e-02
